1



3



5



7

8
9



11



13



15
17



18
19



20
21

22
23

24

25
26

27
29



30
31

32
33

34
35
36
37
38
39

40
41

42
43
44
45
46
47
48
49
50
51



52
54



56

57
58

59
60

61
62

63
64



66



67
68



70



71
72

73
74



76



77
78

79
80



82



83
84

85
86



88



89
90

91
92



94



95
96

97
98



100



101
102

103
104



106

107
108



109
110

111
112
113

114

115
117



118
119

120
121



123



124
125

126
127



129



130
131

132
133



135



136
137

138
139



141



142
143

144
145



147



148
149

150
151



153



154
155

156
157

159



160
161

162
163

164

165
166
167

168

169
171



172
173

174
175



177



178
179

180
181



183

184
185

186
187

188
189

190
191



193

194
196



198

199
201



202
203

204
205

206
207



208
209

210
211

212

213
215



217



218
219

220
221



223



224
225

226
227



229



231
233



234
235

236
237

238
239



240
241

242
243

244

245
247



249



250
251

252
253



255

256
257

258
259

260
261

262
263



265



266
267

268
270



271
272

273
274

275
276

277
278



280



281
282

283
284

285
286

287
288



290



291
292

293
294



296



297
298

299
300



302



303
304

305
306



308



309
310

311
312



314



315
316

317
318



320



321
322

323
324



326



327
328

329
330



332



333
334

335
336



338



339
340

341
342



344



345
346

347
348



350



351
352

353
354



356



357
358

359
360



362



363
364

365
366



368



369
370

371
372



374

375
376

377
378

379
380



382



384



385
386

387
389
391



392
393



394
395



396
397

398
399

400
401



402
403

404
405
406

407

408
410



412



413
414

415
416



418



419
420

421
422



424



425
426

427
428



430



431
432

433
434



436



438
440

441
443



445

446
447

448
449



451



452
453

454
456



457
458

459
460



461
463



464
465

466
468



469
470

471
472



473
475



476
477

478
480



481
482

483
484



485
487



488
489

490
492



493
494

495
496



497
499



500
501

502
503



504
506



507
508

509
510



511
513

514
515



517



518
519

520
521

522
523

524
525



527



528
529

530
531

532
533

534
535



537



538
539

540
541

542
543

544
545



547



548
549



551



553



554
556

557
559



561



562
563

564
565



567



568
569

570
571

572
573



575



576
577

578
579



581



582
583

584
585

586
587



589



590
591

592
593



595



596
597

598
599

600
601



603



604
605

606
607



609



610
611

612
613

614
615



617



618
619

620
621



623



624
625

626
627



629



630
631

632
633



635



637

638
639



641



643



644
646

647
648
649
650
651
652
653
655



656
657

658
659

660
661
662
663
664
665

666
667

668
669
670
671
672
673
674
675
676
677



678
680



681
682
683

684
685
686



687
688
689

691



692
693

694
696



697
698

699
701

702
703

704
705



707



708
709



710
712



713
714



715
716



717
718
719



721

722
723
725



726
728

729
730
732



733
734



735
736



737
739



740
741

742
743

745



746
747



748
749

750
751
752

754



755
756



757
758

759
760
762



763
764



765
766



768



769
770



771
772



774



775
777



778
779



780
781

783

784
785



787

788
