1



3



5



7



9



11



12
13



15

16
17



19



21



23

24
25



27



29

30
31



33



35

36
37



39

40
41

42
43



45



46
47
48
49
50

51
52

53
54



56
58



59
60



61
62



63

64
65



66
67

68
69
70

71

72
74



75
76

77
78



80
82

83
84

85
86
87
88
89
90

91
92

93
94
95
96
97
98
99
100
101
102



103
104

105
106

107

108
110

111
112



114
116



117
118



119
120



121

122
123



124
125



126
127

128
129
130

131

132
134



135
136

137
138



140

141
142



143
144

145
146
147

148

149
151



152
153

154
155



157



158
159
160
161
162

163
164



166

167

168
169
170

171

172
174



175
176

177
178



180



181
182
183
184
185

186
187



189

190
192
194



195
196



197
198



199
200

201
202

203
204



205
206

207
208

209
210



211
212



213
214

215
216
217
218

219

220
222



224



225
226

227
228



230



231
232
233
234
235

236
237



239



241
243



244
245

246
247



248

249

250
252



253
254



256



257
258

259
260



262
264



265
266

267
268



269

270

271
273



274
275



277



278
279

280
281



283
285



286
287



288
289



290

291
292



293
294



295
296

297

298
300



302



303
304



306



307
308

309
310



312



313
314

315
316



318



319
320



321
322



324



325
326

327
328



330



331
332

333
334



336



337
338

339
340



342



343
344

345
346



348



349
350

351
352



354



355
356

357
358



360



361
362

363
364



366



368
370



371
372



373
374



375

376
377



378
379



380
381

382

383
385



387



388
389



390

391
392



393
394



395
396



397
398

399
400
401

403



404
405



407



408
409

410
411



413



414
415

416
417



419



420
421

422
423



425



426
427

428
429



431



432
433

434
435



437



438
439

440
441



443



444
445

446
447



449



450
451



452
453



455



456
457



458

460



461
462



464



465
466

467
468



470



471
472

473
474



476



477
478

479
480



482



483
484

485
486



488



489
490

491
492



494



495
496

497
498



500



501
502

503
504



506



507
508



509
510



512



513
514



515
516



517
518

519
520

522



523
524



526



527
528

529
530



532



533
534

535
536



538



539
540

541
542



544



545
546

547
548



550



551
552

553
554



556



557
558

559
560



562



563
564

565
566



568



569
570



571
572



574



576
578



579
580



581
582



583

584
585



586
587



588
589

590

591
593



595



596
597



598

599
600



601
602



603
604



605
606

607
608
609

611



612
613



615



616
617

618
619



621



622
623

624
625



627



628
629

630
631



633



634
635

636
637



639



640
641

642
643



645



646
647



648
649



651



652
653



654

655
656



657
658



659
660



661
662

663
664
665

667



668
669



671



672
673

674
675



677



678
679

680
681



683



684
685

686
687



689



690
691



692
693



695



697
699

700
701

702
703

704
705
706
707
708
709

710
711

712
713
714
715
716
717
718
719
720
721



722
723

724

725
727



729

730
731

732
733
734
735
736
737

738
739

740
741
742
743
744
745
746
747
748
749



750
751

752
753

755



756
757



759



760
761

762
763



765



766
767



768

769
770



771
772



773
774



775
776

777
778
779

781



782
783

784
785



787



788
789

790
791



793



794
795



796

797
798



799
800



801
802



803
804

805
806
807

809



810
811

812
813



815



816
817

818
819



821

822
823



824
825

826
827
828

829

830
832



833
834

835
836



838

839
840

841
842



844

845

846
847
848

849

850
852



853
854

855
856



858

859
861



863



865
867

868
870



872

873
874

875
876



878



879
880

881
883



884
885

886
887



888
890



891
892

893
895



896
897

898
899



900
902



903
904

905
906



907
909



910
911

912
913



914
916



917
918

919
920



921
923



924
925

926
928



929
930

931
932



933
935



936
937

938
939



940
942



943
944

945
947



948
949

950
951



952
954

955
956



958



959
960

961
962

963
964

965
966



968



969
970



972



973
974

975
976

977
978

979
980



982



983
984

985
986

987
988

989
990



992



993
994

995
996

997
998

999
1000



1002



1003
1004

1005
1006

1007
1008

1009
1010



1012



1013
1014

1015
1016

1017
1018

1019
1020



1022



1024



1025
1027

1028
1030



1032



1033
1034

1035
1036



1038



1039
1040
1041
1042
1043

1044
1045

1046
1047



1049



1050
1051

1052
1053



1055



1056
1057
1058
1059
1060

1061
1062

1063
1064



1066



1067
1068

1069
1070



1072



1073
1074

1075
1076



1078



1079
1080

1081
1082



1084



1085
1086

1087
1088



1090



1091
1092

1093
1094



1096



1098



1099
1101

1102
1104



1106



1107
1108

1109
1110



1112



1113
1114

1115
1116



1118



1119
1120

1121
1122



1124



1125
1126

1127
1128



1130



1131
1132

1133
1134



1136



1137
1138

1139
1140



1142



1143
1144

1145
1146



1148



1149
1150

1151
1152



1154



1156

1157
1158



1160

1161
1162



1164



1165
1167

1168
1169
1170
1172



1173
1174
1175

1176
1177
1178

1179
1180
1181

1183



1184
1185

1186
1188



1189
1190

1191
1193

1194
1195

1196
1197

1198
1199

1200
1201

1202
1203

1204
1205
1206
1207
1208
1209
1210
1211
1212



1213
1214
1215

1216
1217



1219



1220
1221



1222
1224



1225
1226



1227
1228



1229
1230
1232



1233
1234

1235
1236

1237
1238

1239
1240

1241
1242



1244

1245
1246
1248



1249
1251

1252
1253
1254
1256



1257
1258
1259

1260
1261
1262

1263
1264
1265

1267



1268
1269

1270
1272



1273
1274

1275
1277

1278
1279

1280
1281

1282
1283
1284
1285
1286
1287



1288
1289
1290

1291
1292



1294



1295
1296



1297
1299



1300
1301



1302
1303



1304
1305
1307



1308
1309

1310
1311

1312
1313

1314
1315

1316
1317



1319

1320
1321
1323



1324
1326

1327
1328
1330



1331
1332

1333
1335



1336
1337

1338
1340



1341
1342

1343
1345



1346
1347

1348
1350



1351
1352

1353
1355



1356
1357

1358
1360



1361
1362



1363
1365



1366
1367

1368
1369



1371



1372
1373

1374
1375

1376
1377

1378
1379



1381



1382
1384

1385
1387

1388
1389

1390
1391



1393

1394
1395

1396
1397
1398
1399
1400
1401

1402
1403

1404
1405
1406
1407
1408
1409
1410
1411
1412
1413



1414
1415

1416
1417

1419

1420
1421

1422
1423
1424



1425

1427

1428
1429

1430
1431



1433



1434
1435

1436
1437

1439

1440
1441

1442
1443



1444

1446

1447
1448

1449
1450
1451



1453

1454
1455



1457

1458
1459
1460
1461
1462

1463
1464

1465
1466
1467
1468
1469
1470

1471
1472

1473
1474
1475
1476
1477
1478
1479
1480
1481
1482
1483



1484
1485



1487



1488
1489

1490
1491



1493



1494
1495

1496
1497



1499



1500
1501

1502
1503



1505



1506
1507

1508
1509



1511



1513



1514
1516



1517
1518



1519
1520

1522

1523
1524



1526



1527
1528



1529
1530

1532



1533
1534

1535
1537



1538
1539

1540
1541



1543

1544
1545



1547



1548
1549



1550
1551

1553



1554
1555

1556
1558



1559
1560



1561
1562

1564



1565
1566



1567
1568



1569
1570
1572



1573
1574



1575
1576

1578



1579
1580



1581
1582



1583
1584
1586

1587
