1



2
3

4
5

6
7

8
9

10
11

12
13

14
15

16
17
18
19
20
21
22
23
24
25
27



29



31



33



34
35
36
38



39
40

41
42

43
44
45
46
47
48



49
51



52
53



55

56
57



59



60
61

62
63



65



66
67

68
69



71



72
73

74
75



77



78
79

80
81



83



84
85

86
87



89



90
91

92
93



95



96
97

98
99



101



102
103

104
105



107



108
109

110
111



113



114
115

116
117



119



121

122
123

124
125



127



128
129



131



132
133

134
135

136
137



139



140
141

142
143

144
145



147

148
149



151



153
155

156
157



158
159

160
161

162
163

164
165



166
167

168
169
170

171
172

173
174



175
176

177
178
179

180
181

182
183



184
185

186
187
188

189
190



191
192



193
194

195
196
197

198

199
201



203



204
205

206
207



209



210
211

212
213



215



216
217

218
219



221



222
223

224
225



227



228
229

230
231



233

234
235

236
237

238
239



241

242
243

244
245

246
247



249

250
251

252
253

254
255



257

258
259

260
261

262
263



265

266
267

268
269

270
271



273

274
275

276
277

278
279



281

282
283

284
285

286
287



289

290
291

292
293

294
295



297

298
299

300
301

302
303



305

306
307

308
309

310
311



313



315
317



318
319



320
321

322
323

324

325
327



329



330
331

332
333



335



336
337

338
339



341



343
345

346
347

348
349
350
351
352
353

354
355

356
357
358
359
360
361

362
363
364
365
366
367
368
369
370
371



372
373

374
375

376

377
379



380
381



383



384
385
386
387
388

389
390

391
392



394



395
396

397
398



400
402



403
404

405
406

407
408

409
410

411
412
413
414
415
416

417
418

419
420
421
422
423
424

425
426
427
428
429
430
431
432
433
434



435
436

437
438
439

441

442
443



445



446
447

448
449



451

452
453

454
455



457

458
460

461
463



464
465

466
468



469
470

471
472



473
475



476
477

478
480



481
482

483
484



485
487



488
489

490
491



492
494



495
496

497
498



499
501



502
503

504
505



506
508



509
510

511
512



513
515



516
517

518
520



521
522

523
524



525
527



528
529

530
532



533
534

535
536



537
539



540
541

542
543

544
545

546
547



549



550
551

552
553

554
555

556
557



559



560
561

562
563

564
565

566
567



569



570
571

572
573

574
575

576
577



579



580
581

582
583

584
585

586
587



589



590
591

592
593

594
595

596
597



599



600
601

602
603

604
605

606
607



609



610
611



613



614
616

617
618
619
620
621
622
623
625



626
627

628
629

630
631
632
633
634
635

636
637

638
639
640
641
642
643
644
645
646
647



648
650



651
652

653
654

655
656
657
658
659
660

661
662

663
664
665
666
667
668
669
670
671
672



673
675



676
677

678
679

680
681
682
683
684
685

686
687

688
689
690
691
692
693
694
695
696
697



698
700



701
702
703

704
705
706



707
708
709

711



712
713

714
716



717
718

719
721

722
723

724
725



727



728
729



730
732



733
734



735
736



737
738
739



741

742
743
745



746
747
748

749
750
751



752
753
754

756



757
758

759
761



762
763

764
766



767
768
769

770
771
772

773
774
775

777

778
779

780
781



783



784
785



786
788



789
790



791
792



793
794
795



797

798
799
801

802
803
805



806
807
808

809
810
811



812
813
814

816



817
818

819
821



822
823

824
826



827
828
829

830
831
832

833
834
835

837

838
839

840
841



843



844
845



846
848



849
850



851
852



853
854
855



857

858
859
861

862
863
865



866
868



869
870



871
872

874

875
876



878

879
